% -------------------------------------------------------------------
%  Generated by MATLAB on 20-Dec-2022 03:12:18
%  MATLAB version: 9.13.0.2105380 (R2022b) Update 2
% -------------------------------------------------------------------
                                 

Files = struct;
Files(1, 1).name = 'Accelerometer Data 2019-06-28 14-00-01.txt';
Files(1, 1).folder = ['C:\Users\Asus\Documents\MATLAB\New Folder\proyec' ...
                      'to'];
Files(1, 1).date = '10-Ara-2022 15:18:56';
Files(1, 1).bytes = 347211;
Files(1, 1).isdir = false;
Files(1, 1).datenum = 738865.63814814819;
Files(2, 1).name = 'Accelerometer Data 2019-06-28 14-37-42.txt';
Files(2, 1).folder = ['C:\Users\Asus\Documents\MATLAB\New Folder\proyec' ...
                      'to'];
Files(2, 1).date = '10-Ara-2022 15:18:57';
Files(2, 1).bytes = 347211;
Files(2, 1).isdir = false;
Files(2, 1).datenum = 738865.63815972221;
Files(3, 1).name = 'D_dribble1.txt';
Files(3, 1).folder = ['C:\Users\Asus\Documents\MATLAB\New Folder\proyec' ...
                      'to'];
Files(3, 1).date = '10-Ara-2022 15:18:57';
Files(3, 1).bytes = 66931;
Files(3, 1).isdir = false;
Files(3, 1).datenum = 738865.63815972221;
Files(4, 1).name = 'D_dribble2.txt';
Files(4, 1).folder = ['C:\Users\Asus\Documents\MATLAB\New Folder\proyec' ...
                      'to'];
Files(4, 1).date = '10-Ara-2022 15:18:57';
Files(4, 1).bytes = 66346;
Files(4, 1).isdir = false;
Files(4, 1).datenum = 738865.63815972221;
Files(5, 1).name = 'D_dribble3.txt';
Files(5, 1).folder = ['C:\Users\Asus\Documents\MATLAB\New Folder\proyec' ...
                      'to'];
Files(5, 1).date = '10-Ara-2022 15:18:57';
Files(5, 1).bytes = 67891;
Files(5, 1).isdir = false;
Files(5, 1).datenum = 738865.63815972221;
Files(6, 1).name = 'D_hold1.txt';
Files(6, 1).folder = ['C:\Users\Asus\Documents\MATLAB\New Folder\proyec' ...
                      'to'];
Files(6, 1).date = '10-Ara-2022 15:18:57';
Files(6, 1).bytes = 33043;
Files(6, 1).isdir = false;
Files(6, 1).datenum = 738865.63815972221;
Files(7, 1).name = 'D_hold2.txt';
Files(7, 1).folder = ['C:\Users\Asus\Documents\MATLAB\New Folder\proyec' ...
                      'to'];
Files(7, 1).date = '10-Ara-2022 15:18:57';
Files(7, 1).bytes = 37003;
Files(7, 1).isdir = false;
Files(7, 1).datenum = 738865.63815972221;
Files(8, 1).name = 'D_hold3.txt';
Files(8, 1).folder = ['C:\Users\Asus\Documents\MATLAB\New Folder\proyec' ...
                      'to'];
Files(8, 1).date = '10-Ara-2022 15:18:57';
Files(8, 1).bytes = 35378;
Files(8, 1).isdir = false;
Files(8, 1).datenum = 738865.63815972221;
Files(9, 1).name = 'D_pass1.txt';
Files(9, 1).folder = ['C:\Users\Asus\Documents\MATLAB\New Folder\proyec' ...
                      'to'];
Files(9, 1).date = '10-Ara-2022 15:18:57';
Files(9, 1).bytes = 41248;
Files(9, 1).isdir = false;
Files(9, 1).datenum = 738865.63815972221;
Files(10, 1).name = 'D_pass2.txt';
Files(10, 1).folder = ['C:\Users\Asus\Documents\MATLAB\New Folder\proye' ...
                       'cto'];
Files(10, 1).date = '10-Ara-2022 15:18:57';
Files(10, 1).bytes = 38442;
Files(10, 1).isdir = false;
Files(10, 1).datenum = 738865.63815972221;
Files(11, 1).name = 'D_pass3.txt';
Files(11, 1).folder = ['C:\Users\Asus\Documents\MATLAB\New Folder\proye' ...
                       'cto'];
Files(11, 1).date = '10-Ara-2022 15:18:58';
Files(11, 1).bytes = 35914;
Files(11, 1).isdir = false;
Files(11, 1).datenum = 738865.63817129633;
Files(12, 1).name = 'D_pass4.txt';
Files(12, 1).folder = ['C:\Users\Asus\Documents\MATLAB\New Folder\proye' ...
                       'cto'];
Files(12, 1).date = '10-Ara-2022 15:18:58';
Files(12, 1).bytes = 52836;
Files(12, 1).isdir = false;
Files(12, 1).datenum = 738865.63817129633;
Files(13, 1).name = 'D_pass5.txt';
Files(13, 1).folder = ['C:\Users\Asus\Documents\MATLAB\New Folder\proye' ...
                       'cto'];
Files(13, 1).date = '10-Ara-2022 15:18:58';
Files(13, 1).bytes = 39453;
Files(13, 1).isdir = false;
Files(13, 1).datenum = 738865.63817129633;
Files(14, 1).name = 'D_pass6.txt';
Files(14, 1).folder = ['C:\Users\Asus\Documents\MATLAB\New Folder\proye' ...
                       'cto'];
Files(14, 1).date = '10-Ara-2022 15:18:58';
Files(14, 1).bytes = 41747;
Files(14, 1).isdir = false;
Files(14, 1).datenum = 738865.63817129633;
Files(15, 1).name = 'D_pickup1.txt';
Files(15, 1).folder = ['C:\Users\Asus\Documents\MATLAB\New Folder\proye' ...
                       'cto'];
Files(15, 1).date = '10-Ara-2022 15:18:58';
Files(15, 1).bytes = 93309;
Files(15, 1).isdir = false;
Files(15, 1).datenum = 738865.63817129633;
Files(16, 1).name = 'D_pickup2.txt';
Files(16, 1).folder = ['C:\Users\Asus\Documents\MATLAB\New Folder\proye' ...
                       'cto'];
Files(16, 1).date = '10-Ara-2022 15:18:58';
Files(16, 1).bytes = 68878;
Files(16, 1).isdir = false;
Files(16, 1).datenum = 738865.63817129633;
Files(17, 1).name = 'D_pickup3.txt';
Files(17, 1).folder = ['C:\Users\Asus\Documents\MATLAB\New Folder\proye' ...
                       'cto'];
Files(17, 1).date = '10-Ara-2022 15:18:58';
Files(17, 1).bytes = 63510;
Files(17, 1).isdir = false;
Files(17, 1).datenum = 738865.63817129633;
Files(18, 1).name = 'D_pickup4.txt';
Files(18, 1).folder = ['C:\Users\Asus\Documents\MATLAB\New Folder\proye' ...
                       'cto'];
Files(18, 1).date = '10-Ara-2022 15:18:58';
Files(18, 1).bytes = 63195;
Files(18, 1).isdir = false;
Files(18, 1).datenum = 738865.63817129633;
Files(19, 1).name = 'D_pickup5.txt';
Files(19, 1).folder = ['C:\Users\Asus\Documents\MATLAB\New Folder\proye' ...
                       'cto'];
Files(19, 1).date = '10-Ara-2022 15:18:58';
Files(19, 1).bytes = 68864;
Files(19, 1).isdir = false;
Files(19, 1).datenum = 738865.63817129633;
Files(20, 1).name = 'D_shoot1.txt';
Files(20, 1).folder = ['C:\Users\Asus\Documents\MATLAB\New Folder\proye' ...
                       'cto'];
Files(20, 1).date = '10-Ara-2022 15:18:58';
Files(20, 1).bytes = 22152;
Files(20, 1).isdir = false;
Files(20, 1).datenum = 738865.63817129633;
Files(21, 1).name = 'D_shoot2.txt';
Files(21, 1).folder = ['C:\Users\Asus\Documents\MATLAB\New Folder\proye' ...
                       'cto'];
Files(21, 1).date = '10-Ara-2022 15:18:58';
Files(21, 1).bytes = 25389;
Files(21, 1).isdir = false;
Files(21, 1).datenum = 738865.63817129633;
Files(22, 1).name = 'D_shoot3.txt';
Files(22, 1).folder = ['C:\Users\Asus\Documents\MATLAB\New Folder\proye' ...
                       'cto'];
Files(22, 1).date = '10-Ara-2022 15:18:58';
Files(22, 1).bytes = 23907;
Files(22, 1).isdir = false;
Files(22, 1).datenum = 738865.63817129633;
Files(23, 1).name = 'D_shoot4.txt';
Files(23, 1).folder = ['C:\Users\Asus\Documents\MATLAB\New Folder\proye' ...
                       'cto'];
Files(23, 1).date = '10-Ara-2022 15:18:59';
Files(23, 1).bytes = 24198;
Files(23, 1).isdir = false;
Files(23, 1).datenum = 738865.63818287035;
Files(24, 1).name = 'D_shoot5.txt';
Files(24, 1).folder = ['C:\Users\Asus\Documents\MATLAB\New Folder\proye' ...
                       'cto'];
Files(24, 1).date = '10-Ara-2022 15:18:59';
Files(24, 1).bytes = 24764;
Files(24, 1).isdir = false;
Files(24, 1).datenum = 738865.63818287035;
Files(25, 1).name = 'Jc_dribble1.txt';
Files(25, 1).folder = ['C:\Users\Asus\Documents\MATLAB\New Folder\proye' ...
                       'cto'];
Files(25, 1).date = '10-Ara-2022 15:18:59';
Files(25, 1).bytes = 71708;
Files(25, 1).isdir = false;
Files(25, 1).datenum = 738865.63818287035;
Files(26, 1).name = 'Jc_dribble2.txt';
Files(26, 1).folder = ['C:\Users\Asus\Documents\MATLAB\New Folder\proye' ...
                       'cto'];
Files(26, 1).date = '10-Ara-2022 15:18:59';
Files(26, 1).bytes = 76507;
Files(26, 1).isdir = false;
Files(26, 1).datenum = 738865.63818287035;
Files(27, 1).name = 'Jc_dribble3.txt';
